@Weight Vector for layer :1
4.676200247794102,3.5240762544768733,11.083577131982418
-11.586004989204264,1.7792185459737366,-1.1052383034029174
-9.723600169585703,1.9805274810400526,-8.412958962864915
7.254310653971812,2.818705644853342,1.2219530838003059
-1.9821820625275108,-0.4353455875782618,-1.9696064165721374
18.594953566689583,16.280041898703807,25.385505339880822
8.027029000607197,9.568694534979745,4.317750115617387
22.268580095958622,26.53741082921394,13.418405495590498
1.910152963539604,-1.5125138284204902,-1.5162360875455523
-6.6348650511319684,-3.501615470817929,-6.620560406194131
4.791845296269895,5.598365273056502,-0.7807498099537263
-2.6654542091375,1.4182380568351785,0.5676195778363948
-0.2516897385289412,5.683293339303405,2.474556516068234
26.274368276703385,22.619979590244178,22.898712094873563
6.574049260125681,4.148397714855385,8.352906753322175
12.72622197222237,7.968894932318887,13.833941852776553
-6.781615006045892,-4.066302920125061,-2.6535767085477975
-2.96764122672745,-4.576440839429963,-0.7933400124714716
-0.17301847072391408,-6.0236972949229,-9.310419940795736
-0.5704563339056328,-0.9233049690637711,0.28786578072103847
-1.0430157729889011,-1.3982600156689653,-1.065115794610949
0.06102815241581281,-1.766560303487093,3.0048646617743366
-1.0173534573071359,1.2197269970284483,3.919952169833498
3.639400310431124,2.877051865854419,-4.022035357658948
1.7350867504107177,4.6804070868506695,4.691311210179667
2.609996740110626,5.195835932399601,28.540106632528715
6.965684915949576,1.0887467856555673,4.056313941011789
7.42141057147786,6.095093117554291,4.241137622410251
10.29303670039318,9.585610841687979,1.1743654690806051
2.91264934721749,5.035330365886437,-1.2972215592614273
@Weight Vector for layer :2
-1.783130609979491,1.7831306099796072
-0.5321474356312951,0.5321474356313483
-2.064472777176585,2.0644727771750704
$Bias Vector for layer :1
-5.516305158804872
-5.516305158804872
-5.516305158804872
$Bias Vector for layer :2
-2.694646009825845e-15
-2.694646009825845e-15
