@Weight Vector for layer :1
12.315873972345686,-0.9781320019418162,10.627674452157814
3.9349403156741602,21.179130102144722,-3.916286819717312
-5.3203499345952725,10.301414189800361,-3.221769513066163
4.711215397188342,-3.594243979955005,-1.0517805303982635
11.893190505909155,7.542756335695533,4.722212475146787
26.124340699321834,-32.76601820221099,25.31985758392897
11.362158379658615,-4.311791340332677,10.98208225661859
35.34459617103915,-19.472116820835918,28.802874095760192
-1.0856688666042908,-8.666067212519538,-4.96469735612169
9.111688933414909,7.214741475394222,-7.9917781397098775
6.5203885837844044,-2.7781562610054062,1.4113888875128273
-7.210643398124095,6.140375204767712,-0.41784270147168984
9.909931487621469,-0.5758984403345699,3.2116095877657047
61.93445065540168,-32.484507930015205,36.995923444440315
18.071600004383935,-2.8863158951370758,22.658144358296152
5.320821935405899,-24.239254524531557,11.085773725831107
-2.9776480633230196,-2.1636581755935507,-4.722380282148345
-4.666978931814452,0.4445841743509873,-1.0119045801845852
-17.04615139504867,3.7559866974902,-15.216642130523873
1.3922955825621999,-3.609237539751071,-8.534801704231487
4.8885397272057585,5.8223718713790635,0.6883772857701271
-4.676175679842287,-8.32034529831496,-7.213211622397193
1.9597811732776618,2.44464430035234,-8.200061261719027
1.2831464967523807,0.6668929893544949,2.143751248110979
9.047708029466696,-4.7856923564029055,2.12286186218064
12.648767957638494,-14.248861207221823,7.928829947038572
3.026479528885738,-1.6719785936849851,8.07193694326976
13.831869663390068,-6.702266907255356,9.06575988526953
14.092933357489983,-4.047344205739436,11.017775637419566
7.89831725027875,-3.373668315546418,4.128935006384688
@Weight Vector for layer :2
-3.8629055956761658,3.8629055954187637
3.1300009090538397,-3.1300009061229352
-2.5494696598183095,2.549469659792716
$Bias Vector for layer :1
2.994868183750286
2.994868183750286
2.994868183750286
$Bias Vector for layer :2
-1.3552817233799689e-09
-1.3552817233799689e-09
