@Weight Vector for layer :1
-2.7139377620196754,-1.5717321941319784,-6.523490791325429
2.894743522463928,-3.089550668018478,-2.9346716329653226
3.69562163162467,7.679454115903033,1.8147448989798318
0.2365289940102339,-2.8749030551858894,-3.8196608642945047
-5.46472069601276,-5.491644583455491,-2.868737869295996
-9.647126544646133,-11.211248783441588,-10.93358955615415
-1.2389001095544656,-6.356071442734651,-7.0988154112073065
-7.826303586575624,-14.558860798981796,-17.60310489062044
4.352366466350325,-2.2893591377779914,-0.2485513151977051
-3.9627756705093664,-2.258224079237226,-1.9887165786289984
1.1026377005085055,-0.6376611999076237,-6.626719657004703
2.8106794015745424,6.149818792180197,6.713574039963767
-2.729738139209868,-9.09089053250585,0.7044811009360364
-38.52942863213823,-21.89115319541431,-14.464090684584972
-1.2422681096879447,-10.70378741560439,-16.417886195553567
0.19179236941046304,-4.860611826023995,-4.065171229852574
-0.49882963016966186,4.111377806005763,-1.5626195646270216
0.48746984162980317,1.680474167152505,-3.4658284764202025
5.267587990993729,11.309410560418245,7.278967589265259
3.679911262131112,-3.7912455718209888,-0.4660575660134035
-8.156305960378022,-3.6050618811367867,-3.7996778077943856
1.5003622208757004,0.843879998146604,3.9723501106092862
3.4013159062158618,-4.403396016110145,0.3981534746550098
1.3384859424393545,0.0767033605565744,1.7248043643022186
-0.7027015755349745,-10.985227692492002,-3.8336107883239525
-5.28962797668937,-6.896908465916698,-3.103382328291798
-0.6137466332788422,1.069822291250282,2.7970070672745817
-4.709012154432191,-3.3145284651410183,-7.609312540791255
0.5550637578035553,-12.098607370925457,-8.756662836059432
-1.2462328018545228,-6.593361396728879,-3.6717632129541866
@Weight Vector for layer :2
3.456139893457243,-3.4561414103831756
1.7676728028772355,-1.767672795925018
1.244190847679436,-1.2441908396924286
$Bias Vector for layer :1
-19.922693412536155
-19.922693412536155
-19.922693412536155
$Bias Vector for layer :2
4.6540145421273254e-10
4.6540145421273254e-10
