@Weight Vector for layer :1
6.3452990959557845,6.937160684359126,-4.337870649717333
-6.580604666299374,0.7741535785041173,-1.8283676928533559
-7.7691758248174665,-6.148098295636858,8.941433490709668
10.332279848622594,8.672466358124831,4.670804979043903
-5.37051021915159,3.301183024148956,-8.91833267956047
27.919579872861444,16.34003919733605,-10.619154090966871
12.458559471827497,9.743003733949697,-8.924003267572413
15.496539338600163,34.75119454293201,-15.605620970255764
-3.3747812854576646,-0.9651582046905914,-2.464065022526984
-7.329998539719019,1.0739492758434181,-2.308483623851473
-1.688676299958254,11.83338160205166,-3.7523453751888245
-5.306799375573819,-2.9467947165577866,4.1755036374416905
3.8507312191756466,-0.02593273784270906,-1.8909584920320612
25.75046193144743,31.935232027752907,-67.25882257684087
7.724689318620809,11.011282439052453,-16.620858796601876
14.327716291908825,13.100879053646414,0.4201283876633561
-4.623689069682322,-5.659709017153246,3.730255321653051
1.6181605241017105,-7.71278615766082,-0.25512379102835764
-5.015081896420119,-8.441074943054366,12.358495464656679
4.121555336475101,-0.2034490674059418,2.81258656776822
0.9639092860052006,-1.844981068681569,-7.37582257786707
-0.3166970898532333,-5.33077116695199,1.9988859606940463
4.000078631232963,0.9762956686417436,1.2481546830322614
1.2280401241957892,6.845987398645836,-1.0725080287996511
0.0481228051670381,7.390438286575095,-9.283044058337891
28.188220347014834,4.92773376912639,-7.76729507392111
1.9454105294888444,8.462010076436673,5.383937316774131
4.442243783184478,15.839152017314877,-9.942357549842656
-2.4463248540882874,17.13195549491204,-19.056297111279576
1.8894988789880949,-0.07042294713822159,-8.394652713820756
@Weight Vector for layer :2
-3.8399005795143606,3.8399005737993184
-1.7812186289506766,1.78121862913588
3.5546260873416173,-3.554626085530962
$Bias Vector for layer :1
-3.889501126655078
-3.889501126655078
-3.889501126655078
$Bias Vector for layer :2
2.0048272182397113e-10
2.0048272182397113e-10
