@Weight Vector for layer :1
7.572121174108859,3.97145049136946,-7.383941604319239
-1.0313682194980358,-25.638101882206715,2.2323484272386716
-4.662926599250431,-13.828564007685102,3.1232607452180177
2.1029417184107357,3.495205012645178,-14.89385462804844
10.995143473025943,-6.611436456804799,-3.9656554461795306
19.203099950460228,38.693347588524176,-26.718064643278236
15.764324408853483,-0.7309967468427999,-15.5335611784907
38.59270307341463,7.391749036291473,-31.549590244551265
-4.886005410895224,3.8461070292018906,2.304953644626148
8.722196884444763,-3.955265910328686,4.969930804430205
11.448396664721182,-1.4722716320364253,-4.721043313657506
-6.268617020294988,-3.5899429348445566,-1.5588999905676832
13.44853728459624,-0.04270836952916969,-1.5890500725699739
59.29006157968261,28.51145838552469,-27.043389904450933
27.357934450995625,14.405126037422484,-6.077438355808765
5.067184937551851,18.501385795042534,-20.885673915001085
-3.3442781820197025,3.687658065215111,9.555497559834157
-3.591888574282134,-4.49168823629416,7.6281053866858395
-10.068729341209211,-5.896907999360808,8.938969060078815
-1.0550189091888817,5.755388278676048,-0.5497418609168898
7.8156089448035155,-2.7263667370199247,6.745540450547227
-7.918868686029087,4.605833383210764,1.5897130985411976
-0.3166552330055275,-0.8936415115779721,0.5558695718508277
4.2139488602819934,-2.834487245120731,0.008728785939245143
4.204049805036578,2.6645831851424395,-0.27140177521414915
7.212663890947236,11.499628228962917,-20.75586611119552
0.9924712161784018,3.8200631815376287,-7.115874667966977
12.485805447663909,8.921004719433533,-9.258355750660987
7.127388209133817,2.3686438384970536,-8.579749600115948
3.739314583624759,0.23285668579795774,-5.866778378611804
@Weight Vector for layer :2
-3.7232331179528484,3.7232331179511395
-4.040479476399823,4.040479476392847
3.5139643097878506,-3.513964309567772
$Bias Vector for layer :1
4.586261322328825
4.586261322328825
4.586261322328825
$Bias Vector for layer :2
-1.0507136111362353e-10
-1.0507136111362353e-10
