@Weight Vector for layer :1
5.576212105720033,7.206087767742344,2.314668519444275
-4.515807319025301,-3.0448559726669515,-2.937820107033917
-2.6707009053896775,-4.080706987423187,-3.6286079387318857
4.105196379881051,4.088011622875508,4.137141961201814
2.9686995457315715,-3.4457430729661738,0.5513597493121518
11.337882090138292,25.860807629399165,14.372902628619178
3.90018931719094,2.8039516291571656,10.60312573667235
23.462691956254528,11.970742402214059,26.588987924658248
1.3640100142824287,-0.995054879660911,-1.3511674821493562
1.6320478085651497,-2.8788703955531596,-3.535420383165445
7.272764654594488,0.8698747667040571,2.484428478117738
-4.935487190943717,-2.654737281487713,1.8629659039975275
1.7664351181092641,2.855379298859974,-0.6065037511183105
25.85339612541514,23.00516766201845,19.122634012005474
7.24634593951148,8.85470593237216,4.951454241074822
8.657788531488054,10.817500434475647,12.778933635117996
-6.1876505336562895,0.9283881744747402,-2.9444489740081083
-3.4970226008997813,-2.2251854934684783,-6.10107199022253
-8.712430002256445,-7.507101872440537,-5.913435279705441
2.246831175702277,8.008084521958892,-0.5161791919619395
-3.0566423902088258,-3.414550069547841,-4.14036298120268
-0.482587837605965,6.575263697446372,-3.4807015361288847
-0.9573705406243259,-1.4495031083558982,0.6165367670129728
3.776514455075288,-3.5951900444571483,3.5350382888504397
4.7760775951207295,5.623162332496268,-1.9677085270496844
3.5921641051574515,25.504724626094966,1.9170790565078502
3.554271455367004,2.741313910287163,4.630771915470757
5.228534564552481,2.5782023316441287,5.839665445733451
14.42688882125757,1.1963826949522056,4.171194676388628
0.7820375217583957,-0.5671786991300556,1.398134063703253
@Weight Vector for layer :2
-1.592161677518379,1.5921616775217782
-2.1156931363555307,2.1156931361090097
-1.57190108370702,1.5719010837064338
$Bias Vector for layer :1
-4.766897314466713
-4.766897314466713
-4.766897314466713
$Bias Vector for layer :2
2.8788929553257795e-14
2.8788929553257795e-14
